0.000000000000000000e+00 2.033007200000000125e+01 3.287602900000000261e+01 4.548225599999999957e+01 4.321447400000000272e+01 3.500903499999999724e+01 4.990761599999999731e+01 3.220125399999999871e+01 4.618978500000000054e+01 2.276559900000000169e+01 3.656800599999999690e+01 1.897487500000000082e+01 5.529371499999999884e+01 3.956096200000000351e+01 5.632361600000000124e+01 5.930123199999999883e+01 5.755345299999999753e+01 7.345839700000000505e+01 4.873224299999999687e+01 6.444742800000000216e+01 6.396488300000000038e+01 5.936987100000000339e+01 8.197270399999999313e+01 5.431107099999999832e+01 3.573831700000000211e+01 6.253779099999999858e+01 5.717754699999999701e+01 5.000066100000000091e+01 4.468248700000000184e+01 1.456342300000000023e+01 3.776819600000000321e+01 4.278791999999999973e+01 4.547427499999999867e+01 2.925910700000000020e+01 3.939348499999999831e+01 7.590021299999999371e+01 5.927530000000000143e+01 0.000000000000000000e+00 7.380180300000000670e+01 9.297087500000000659e+01 6.245798200000000122e+01 4.975024200000000008e+01 4.876230199999999826e+01 4.766938799999999787e+01 5.513675700000000290e+01 9.323291999999999291e+01 8.749757800000000429e+01 6.194046099999999910e+01 8.302277100000000587e+01 8.348180499999999427e+01 7.642636899999999400e+01 9.720428300000000377e+01 9.108558499999999469e+01 6.827476599999999962e+01 8.893242499999999495e+01 9.287389600000000200e+01 8.983412199999999359e+01 7.390220700000000420e+01 6.830733200000000238e+01 7.470287000000000432e+01 9.496666000000000452e+01 9.809099000000000501e+01 6.614145499999999345e+01 8.194571500000000697e+01 6.510919699999999466e+01 1.007604400000000027e+02 8.662104399999999771e+01 8.699249100000000112e+01 9.980812000000000239e+01 8.399852699999999572e+01 9.422709600000000307e+01 9.874848900000000640e+01 8.345165400000000488e+01 8.962523299999999438e+01 9.813542700000000707e+01 0.000000000000000000e+00
2.033007200000000125e+01 0.000000000000000000e+00 4.662304199999999810e+01 6.505162300000000641e+01 5.604673400000000072e+01 4.920799099999999981e+01 6.828898700000000588e+01 3.625324799999999925e+01 5.725047099999999745e+01 3.315703400000000300e+01 4.866892099999999743e+01 2.705783100000000019e+01 6.526477400000000273e+01 3.012240999999999858e+01 5.313795700000000011e+01 6.431676099999999963e+01 5.927968599999999810e+01 8.828502600000000200e+01 5.941906300000000130e+01 8.191443099999999333e+01 8.254699999999999704e+01 7.426799499999999910e+01 9.715971100000000149e+01 6.523756400000000610e+01 4.625588499999999925e+01 7.512102400000000557e+01 7.254305200000000298e+01 5.792131700000000194e+01 4.815777200000000136e+01 2.192933000000000021e+01 2.875036800000000170e+01 4.102536500000000075e+01 5.129478699999999947e+01 1.470668200000000070e+01 3.467390400000000028e+01 7.417204900000000123e+01 5.148842400000000197e+01 0.000000000000000000e+00 9.206892399999999554e+01 1.104668400000000048e+02 7.973705099999999391e+01 6.947162699999999802e+01 6.301708800000000110e+01 6.260197000000000145e+01 7.397512700000000052e+01 1.125468299999999999e+02 1.068374699999999962e+02 7.822689400000000148e+01 1.022659900000000022e+02 1.024151300000000049e+02 9.126223699999999894e+01 1.124510899999999936e+02 1.018778400000000062e+02 7.689047999999999661e+01 1.013223200000000048e+02 1.121153199999999970e+02 1.095296299999999974e+02 9.296031200000000183e+01 8.728169200000000671e+01 9.279414699999999527e+01 1.132368799999999993e+02 1.181908899999999960e+02 8.223973300000000108e+01 9.865563600000000122e+01 8.099760700000000213e+01 1.209581699999999955e+02 1.025128600000000034e+02 1.061987199999999945e+02 1.152458100000000059e+02 9.654659200000000396e+01 1.122917599999999965e+02 1.159300000000000068e+02 9.662531599999999798e+01 9.504273299999999836e+01 1.078827799999999968e+02 0.000000000000000000e+00
3.287602900000000261e+01 4.662304199999999810e+01 0.000000000000000000e+00 5.037774900000000144e+01 5.558084800000000314e+01 3.883500699999999739e+01 3.052895600000000087e+01 6.068880599999999959e+01 3.680828100000000092e+01 2.331686399999999892e+01 3.144039100000000175e+01 2.972764499999999899e+01 7.915315400000000068e+01 6.939930400000000077e+01 7.862918200000000013e+01 7.312646700000000521e+01 8.432373900000000333e+01 7.972363400000000411e+01 6.875870999999999356e+01 6.879024499999999875e+01 5.488419700000000034e+01 3.991029999999999944e+01 7.295456699999999728e+01 5.716005799999999937e+01 9.710515799999999587e+00 8.320286600000000021e+01 7.338805200000000184e+01 5.659103499999999798e+01 7.450860299999999370e+01 3.902047400000000010e+01 4.164815099999999859e+01 3.961636800000000136e+01 3.274278199999999828e+01 4.568481200000000086e+01 4.568182099999999934e+01 8.296251999999999782e+01 6.991025299999999731e+01 0.000000000000000000e+00 6.278513000000000233e+01 8.137585099999999727e+01 3.842768900000000087e+01 5.263503099999999790e+01 5.821121300000000076e+01 4.470039400000000285e+01 3.496771700000000038e+01 8.742086700000000121e+01 6.559315899999999999e+01 4.594019099999999867e+01 6.142556299999999680e+01 6.507821599999999762e+01 8.826452700000000107e+01 9.359515600000000290e+01 9.467339200000000687e+01 7.732565900000000170e+01 9.817733099999999524e+01 8.956207499999999300e+01 8.705664000000000158e+01 7.339095600000000275e+01 5.829884299999999797e+01 5.121741800000000211e+01 8.030655899999999292e+01 8.231034400000000062e+01 4.177770900000000154e+01 9.188245899999999722e+01 7.877341699999999491e+01 8.487621400000000449e+01 9.131205799999999329e+01 7.328255400000000463e+01 7.889600599999999986e+01 6.558355000000000246e+01 6.810044000000000608e+01 8.076593400000000145e+01 6.920956400000000031e+01 8.930460300000000018e+01 8.999410000000000309e+01 0.000000000000000000e+00
4.548225599999999957e+01 6.505162300000000641e+01 5.037774900000000144e+01 0.000000000000000000e+00 4.248801300000000225e+01 4.272863999999999862e+01 3.744360499999999803e+01 5.072005699999999706e+01 5.630397899999999822e+01 5.255668200000000212e+01 4.965191000000000088e+01 5.255754699999999957e+01 4.567716200000000271e+01 7.283482700000000420e+01 7.974427500000000180e+01 6.988231899999999541e+01 6.818273200000000145e+01 4.802630700000000274e+01 4.227787099999999754e+01 3.042679800000000157e+01 3.604862299999999919e+01 5.491964099999999860e+01 6.315480399999999861e+01 5.439956600000000009e+01 5.826440199999999692e+01 4.018251500000000220e+01 2.859863000000000000e+01 5.883330000000000126e+01 5.541638600000000281e+01 4.977583899999999772e+01 8.045110099999999420e+01 7.816635100000000591e+01 6.868762999999999863e+01 7.419144000000000005e+01 7.709229799999999955e+01 9.894271100000000274e+01 9.408624899999999514e+01 0.000000000000000000e+00 4.828357799999999855e+01 6.713349900000000048e+01 5.150683000000000078e+01 4.933275499999999703e+00 4.020893099999999976e+01 4.517391200000000140e+01 3.791553600000000301e+01 5.402110100000000159e+01 5.921451799999999821e+01 5.227245299999999872e+01 5.613342099999999846e+01 5.662583000000000055e+01 4.813718699999999728e+01 7.491029600000000244e+01 8.143896300000000110e+01 6.865477599999999825e+01 7.027966200000000185e+01 4.999443699999999779e+01 4.530762800000000112e+01 3.191957100000000125e+01 3.733218200000000309e+01 5.491820400000000291e+01 6.478282099999999843e+01 6.068019199999999813e+01 5.859212600000000037e+01 4.339760199999999912e+01 3.239902500000000174e+01 6.311672699999999736e+01 5.736505900000000224e+01 5.532079300000000188e+01 8.563647600000000182e+01 8.130142700000000389e+01 7.283338100000000281e+01 7.683860699999999611e+01 7.721911000000000058e+01 9.757769399999999393e+01 9.652315699999999765e+01 0.000000000000000000e+00
4.321447400000000272e+01 5.604673400000000072e+01 5.558084800000000314e+01 4.248801300000000225e+01 0.000000000000000000e+00 1.863902300000000167e+01 6.381033000000000044e+01 6.000572799999999773e+01 8.009339599999999848e+01 4.035302699999999732e+01 7.109442400000000362e+01 6.063505500000000126e+01 3.849121900000000096e+01 5.066613699999999909e+01 4.282008499999999884e+01 2.746651699999999963e+01 3.990505399999999980e+01 8.783769100000000662e+01 6.774037599999999770e+01 7.193662000000000489e+01 7.552158000000000015e+01 8.338090099999999438e+01 1.025744300000000067e+02 8.565974799999999334e+01 5.715829899999999952e+01 5.606189299999999776e+01 4.151571500000000015e+01 8.538649900000000059e+01 4.149539200000000250e+01 5.602175299999999680e+01 7.152567299999999761e+01 5.921681199999999734e+01 8.273805500000000279e+01 6.743770299999999907e+01 5.398763199999999784e+01 5.929397300000000115e+01 6.129025599999999940e+01 0.000000000000000000e+00 4.877866000000000213e+01 6.325787199999999899e+01 5.779285899999999998e+01 4.370481199999999689e+01 8.011509399999999559e+00 2.298463800000000035e+01 6.433837200000000678e+01 6.668563899999999478e+01 8.394505499999999643e+01 4.489597700000000202e+01 7.571287300000000187e+01 6.727727299999999389e+01 4.267146900000000187e+01 5.843669899999999728e+01 4.919995800000000230e+01 2.847543500000000094e+01 4.652460599999999857e+01 8.886611700000000269e+01 7.093023499999999615e+01 7.286582799999999338e+01 7.692080900000000554e+01 8.351269999999999527e+01 1.037956999999999965e+02 9.213977900000000432e+01 5.931107099999999832e+01 5.872028399999999948e+01 4.416586499999999660e+01 8.903928000000000509e+01 4.834505300000000005e+01 6.510786600000000135e+01 7.933404600000000073e+01 6.511256600000000105e+01 8.889302800000000104e+01 7.512639599999999973e+01 5.831708700000000078e+01 5.976962699999999984e+01 6.717979699999999355e+01 0.000000000000000000e+00
3.500903499999999724e+01 4.920799099999999981e+01 3.883500699999999739e+01 4.272863999999999862e+01 1.863902300000000167e+01 0.000000000000000000e+00 5.200799800000000062e+01 6.038949800000000323e+01 6.825218700000000638e+01 2.442662500000000136e+01 5.981380300000000005e+01 4.988388599999999684e+01 5.322827600000000103e+01 5.325696299999999894e+01 4.957450699999999699e+01 3.643643099999999890e+01 5.395269199999999898e+01 8.765147000000000332e+01 6.972321999999999775e+01 7.211000699999999597e+01 6.927119299999999669e+01 7.087557300000000282e+01 9.538203099999999779e+01 7.886527399999999943e+01 3.933059999999999690e+01 6.678380099999999686e+01 5.268772100000000336e+01 7.841217500000000484e+01 5.221021100000000104e+01 4.898710400000000220e+01 5.819419800000000009e+01 4.422805600000000226e+01 6.837050700000000347e+01 5.747749000000000308e+01 4.206642699999999735e+01 5.737843999999999767e+01 5.522955900000000184e+01 0.000000000000000000e+00 4.579900200000000154e+01 6.234518400000000327e+01 4.414218600000000237e+01 4.421087200000000195e+01 2.208477699999999899e+01 1.360210599999999914e+01 5.297042400000000129e+01 7.037589900000000398e+01 7.515470200000000034e+01 3.370758899999999869e+01 6.689639400000000080e+01 6.052460399999999652e+01 5.795831299999999686e+01 6.408136600000000271e+01 5.833911799999999914e+01 3.891837600000000208e+01 6.169786200000000065e+01 8.988021799999999928e+01 7.504369699999999455e+01 7.348013600000000167e+01 7.108597199999999816e+01 7.211685300000000609e+01 9.718142799999999681e+01 8.757751399999999364e+01 4.512361899999999792e+01 7.032925299999999424e+01 5.623203000000000173e+01 8.529055499999999768e+01 6.038479199999999736e+01 6.227852500000000191e+01 7.074631800000000226e+01 5.434066099999999722e+01 7.790730899999999792e+01 6.956356100000000708e+01 5.086214499999999816e+01 5.943434400000000295e+01 6.446764600000000200e+01 0.000000000000000000e+00
4.990761599999999731e+01 6.828898700000000588e+01 3.052895600000000087e+01 3.744360499999999803e+01 6.381033000000000044e+01 5.200799800000000062e+01 0.000000000000000000e+00 6.628141599999999301e+01 3.425607000000000113e+01 4.875517099999999715e+01 3.256207899999999711e+01 4.561637199999999837e+01 7.985094200000000342e+01 8.826838300000000004e+01 9.756762399999999502e+01 8.805078899999999464e+01 9.532790300000000627e+01 5.932761200000000201e+01 6.227730700000000041e+01 4.729538900000000012e+01 2.655190599999999890e+01 2.245075999999999894e+01 4.825055799999999806e+01 4.696957700000000102e+01 3.949206099999999964e+01 7.557832299999999748e+01 6.587183299999999520e+01 5.244402600000000092e+01 8.267941199999999924e+01 5.218679099999999949e+01 7.006949699999999837e+01 6.952793300000000443e+01 4.482079199999999730e+01 7.015731100000000708e+01 7.433994699999999511e+01 1.060398399999999981e+02 9.714888000000000545e+01 0.000000000000000000e+00 5.456797900000000112e+01 7.344894600000000651e+01 3.417150600000000082e+01 3.792109599999999858e+01 6.303284800000000132e+01 5.331633899999999926e+01 7.279145899999999614e+00 7.039441800000000171e+01 4.159172499999999673e+01 4.822447199999999867e+01 4.129612900000000053e+01 5.075871899999999926e+01 8.207834800000000541e+01 9.060336100000000670e+01 1.002438800000000043e+02 8.788293299999999419e+01 9.806149600000000532e+01 6.204199400000000253e+01 6.538124700000000189e+01 4.838912499999999994e+01 2.894178499999999943e+01 2.487727100000000036e+01 5.019854800000000239e+01 5.427223299999999995e+01 4.225393799999999800e+01 7.810304200000000208e+01 6.948784700000000214e+01 5.971650000000000347e+01 8.458722799999999609e+01 5.837245699999999715e+01 7.686623699999999815e+01 7.350753799999999671e+01 5.166838899999999768e+01 7.331579700000000344e+01 7.543075000000000330e+01 1.053685799999999944e+02 1.002790399999999948e+02 0.000000000000000000e+00
3.220125399999999871e+01 3.625324799999999925e+01 6.068880599999999959e+01 5.072005699999999706e+01 6.000572799999999773e+01 6.038949800000000323e+01 6.628141599999999301e+01 0.000000000000000000e+00 5.515944499999999806e+01 5.483090299999999928e+01 4.690966800000000347e+01 3.633952699999999680e+01 4.843689200000000028e+01 4.444062199999999763e+01 6.881679599999999652e+01 7.699859600000000626e+01 5.806729599999999891e+01 5.960173799999999744e+01 2.559515199999999879e+01 5.713436999999999699e+01 6.806161899999999321e+01 7.145855099999999993e+01 8.019814599999999416e+01 4.751526900000000353e+01 6.583814399999999978e+01 4.739461299999999966e+01 5.238688799999999901e+01 4.188581200000000138e+01 3.712045100000000275e+01 2.427071099999999859e+01 6.163040999999999769e+01 7.327340700000000595e+01 6.144171800000000161e+01 4.663934799999999825e+01 6.775065200000000232e+01 9.983469300000000146e+01 8.296309200000000317e+01 0.000000000000000000e+00 9.305837699999999302e+01 1.122885600000000039e+02 8.735386099999999487e+01 5.560194400000000314e+01 6.453007999999999811e+01 7.218561300000000358e+01 7.180820199999999431e+01 1.033999400000000009e+02 1.034740100000000069e+02 8.757851399999999842e+01 1.011854500000000030e+02 1.030863599999999991e+02 7.870945899999999540e+01 1.144229399999999970e+02 1.085593599999999981e+02 8.608111100000000704e+01 9.830853799999999865e+01 9.046555999999999642e+01 9.379639199999999732e+01 7.165850799999999765e+01 7.287653799999999649e+01 8.980730599999999697e+01 9.877366899999999816e+01 1.073840799999999973e+02 9.278903800000000501e+01 7.859847399999999595e+01 6.202723799999999699e+01 1.122779599999999931e+02 9.542332000000000392e+01 1.039470500000000044e+02 1.256203399999999988e+02 1.126878899999999959e+02 1.150539100000000019e+02 1.211914500000000032e+02 1.103410400000000067e+02 1.145380499999999984e+02 1.242598899999999986e+02 0.000000000000000000e+00
4.618978500000000054e+01 5.725047099999999745e+01 3.680828100000000092e+01 5.630397899999999822e+01 8.009339599999999848e+01 6.825218700000000638e+01 3.425607000000000113e+01 5.515944499999999806e+01 0.000000000000000000e+00 5.388900799999999691e+01 9.802903199999999373e+00 3.030647199999999941e+01 8.878858400000000017e+01 8.378637200000000007e+01 1.023531100000000009e+02 1.015459699999999970e+02 1.010622599999999949e+02 5.899087600000000009e+01 5.576795700000000267e+01 5.682065399999999755e+01 4.323210199999999759e+01 2.255110699999999824e+01 4.614481200000000172e+01 2.582062099999999916e+01 4.426329299999999733e+01 8.304638099999999667e+01 7.999210300000000018e+01 2.626167200000000079e+01 8.431403000000000247e+01 3.931301400000000257e+01 5.728213900000000081e+01 6.971164899999999420e+01 2.005059400000000025e+01 5.470009100000000046e+01 7.384491900000000442e+01 1.158529699999999991e+02 9.848706500000000119e+01 0.000000000000000000e+00 8.652964599999999962e+01 1.061684599999999961e+02 6.422018799999999317e+01 5.930250999999999806e+01 8.230134200000000533e+01 7.536509300000000167e+01 4.128751599999999655e+01 1.019104999999999990e+02 7.341468999999999312e+01 7.651096599999999626e+01 7.485759899999999334e+01 8.483405999999999381e+01 1.031733600000000024e+02 1.203837400000000031e+02 1.244078599999999994e+02 1.065517600000000016e+02 1.212645399999999967e+02 8.236767999999999290e+01 9.333562000000000580e+01 6.710599499999999296e+01 4.866777799999999843e+01 5.104081399999999746e+01 6.611098800000000608e+01 8.347801800000000583e+01 7.059345399999999415e+01 9.864086799999999755e+01 8.675855199999999456e+01 9.158847799999999495e+01 1.110289400000000057e+02 9.223352500000000020e+01 1.077077900000000028e+02 9.955869400000000269e+01 8.272856099999999913e+01 1.063485699999999952e+02 1.026986700000000070e+02 1.244810099999999977e+02 1.250717400000000055e+02 0.000000000000000000e+00
2.276559900000000169e+01 3.315703400000000300e+01 2.331686399999999892e+01 5.255668200000000212e+01 4.035302699999999732e+01 2.442662500000000136e+01 4.875517099999999715e+01 5.483090299999999928e+01 5.388900799999999691e+01 0.000000000000000000e+00 4.581345600000000218e+01 3.220263099999999667e+01 6.699683100000000024e+01 4.958921899999999994e+01 5.578434800000000138e+01 5.257637299999999669e+01 6.503165900000000477e+01 8.864773300000000233e+01 6.903007999999999811e+01 7.664436999999999500e+01 6.992349900000000673e+01 6.136780100000000004e+01 9.075759600000000660e+01 6.931626199999999471e+01 2.086892200000000130e+01 7.769151700000000460e+01 6.756240200000000584e+01 6.654290000000000305e+01 5.894613600000000275e+01 3.543059499999999673e+01 3.456364500000000106e+01 2.564600199999999930e+01 4.843567999999999785e+01 3.653375100000000231e+01 2.637901600000000002e+01 6.205620199999999897e+01 4.858100400000000008e+01 0.000000000000000000e+00 6.398698000000000263e+01 8.161050199999999677e+01 4.892517200000000344e+01 5.538630500000000012e+01 4.544232300000000180e+01 3.498726700000000278e+01 5.237086500000000200e+01 8.976050999999999647e+01 8.113013300000000072e+01 4.657774200000000064e+01 7.471882999999999697e+01 7.318142299999999523e+01 7.971310099999999466e+01 8.709309500000000526e+01 8.103621699999999350e+01 5.993724900000000133e+01 8.574833700000000647e+01 9.947065299999999866e+01 9.154954200000000242e+01 8.189755399999999952e+01 7.323450200000000621e+01 7.104292499999999677e+01 9.837421100000000251e+01 9.628055100000000266e+01 5.005985499999999888e+01 8.874888400000000388e+01 7.338377699999999493e+01 9.670354500000000542e+01 8.415860600000000602e+01 7.854430200000000184e+01 8.248767300000000091e+01 6.400026499999999885e+01 8.304811700000000485e+01 8.456212600000000634e+01 6.510718599999999867e+01 7.312299099999999896e+01 7.995614299999999730e+01 0.000000000000000000e+00
3.656800599999999690e+01 4.866892099999999743e+01 3.144039100000000175e+01 4.965191000000000088e+01 7.109442400000000362e+01 5.981380300000000005e+01 3.256207899999999711e+01 4.690966800000000347e+01 9.802903199999999373e+00 4.581345600000000218e+01 0.000000000000000000e+00 2.170353800000000177e+01 7.979910599999999476e+01 7.438667800000000341e+01 9.276475999999999544e+01 9.232199799999999357e+01 9.129743399999999554e+01 5.774433899999999653e+01 4.963936600000000254e+01 5.376871100000000325e+01 4.319118900000000139e+01 2.776994799999999941e+01 5.116259000000000157e+01 2.685189799999999849e+01 3.919131300000000095e+01 7.560294500000000539e+01 7.221054300000000126e+01 2.582624099999999956e+01 7.477878499999999917e+01 3.016168199999999899e+01 5.164687700000000348e+01 6.326430500000000023e+01 2.156259800000000126e+01 4.771133799999999781e+01 6.630000699999999370e+01 1.075725500000000068e+02 9.046020500000000197e+01 0.000000000000000000e+00 8.139712099999999850e+01 1.013640699999999981e+02 6.102394600000000224e+01 5.307789900000000216e+01 7.367194700000000296e+01 6.779131800000000396e+01 3.983529500000000212e+01 9.741460399999999709e+01 7.367365499999999656e+01 7.121513199999999699e+01 7.382248199999999372e+01 8.198915999999999826e+01 9.535018999999999778e+01 1.138897800000000018e+02 1.164035200000000003e+02 9.777314499999999953e+01 1.130272199999999998e+02 8.109258499999999970e+01 8.944725499999999840e+01 6.445413499999999374e+01 4.868843499999999835e+01 5.316060099999999977e+01 6.957760299999999631e+01 8.371211800000000380e+01 6.724915000000000020e+01 9.220973200000000247e+01 7.931674800000000403e+01 9.079444399999999860e+01 1.038533299999999997e+02 8.857288699999999437e+01 1.044666399999999982e+02 9.495950499999999295e+01 8.297626400000000046e+01 1.028609799999999979e+02 9.729807599999999468e+01 1.167955400000000026e+02 1.186270899999999955e+02 0.000000000000000000e+00
1.897487500000000082e+01 2.705783100000000019e+01 2.972764499999999899e+01 5.255754699999999957e+01 6.063505500000000126e+01 4.988388599999999684e+01 4.561637199999999837e+01 3.633952699999999680e+01 3.030647199999999941e+01 3.220263099999999667e+01 2.170353800000000177e+01 0.000000000000000000e+00 7.076552100000000678e+01 5.422983299999999929e+01 7.408617700000000639e+01 7.760617999999999483e+01 7.566833099999999490e+01 6.996349999999999625e+01 4.998407999999999873e+01 6.439408000000000243e+01 5.959053300000000064e+01 4.776480000000000103e+01 7.167801900000000614e+01 4.210260999999999854e+01 3.391047700000000020e+01 7.277559599999999307e+01 6.937448999999999444e+01 3.650865300000000246e+01 6.065460900000000066e+01 1.278524200000000022e+01 3.437388899999999836e+01 4.784569700000000125e+01 2.802698399999999879e+01 2.720214500000000157e+01 4.815911799999999943e+01 9.068525499999999795e+01 7.116683500000000606e+01 0.000000000000000000e+00 8.302776199999999562e+01 1.028336999999999932e+02 6.534198000000000661e+01 5.678076000000000079e+01 6.527819599999999411e+01 6.095442400000000305e+01 5.228821200000000147e+01 1.021348600000000033e+02 8.665755000000000052e+01 7.018579300000000387e+01 8.420429099999999778e+01 8.841437100000000271e+01 9.130105899999999508e+01 1.109150300000000016e+02 1.077419199999999933e+02 8.600706700000000637e+01 1.058620200000000011e+02 9.392662400000000389e+01 9.666294800000000009e+01 7.554958999999999492e+01 6.475174499999999966e+01 6.930234299999999337e+01 8.874542800000000398e+01 9.792493199999999831e+01 6.981868299999999294e+01 9.309481399999999951e+01 7.744528699999999333e+01 1.027850499999999982e+02 1.010651399999999995e+02 9.395320200000000455e+01 1.063345400000000041e+02 9.206334800000000484e+01 9.379300999999999533e+01 1.060350300000000061e+02 9.362138699999999858e+01 1.046600899999999967e+02 1.110895399999999995e+02 0.000000000000000000e+00
5.529371499999999884e+01 6.526477400000000273e+01 7.915315400000000068e+01 4.567716200000000271e+01 3.849121900000000096e+01 5.322827600000000103e+01 7.985094200000000342e+01 4.843689200000000028e+01 8.878858400000000017e+01 6.699683100000000024e+01 7.979910599999999476e+01 7.076552100000000678e+01 0.000000000000000000e+00 5.277206900000000189e+01 5.571084199999999953e+01 5.374559800000000109e+01 3.130862199999999973e+01 7.446427599999999813e+01 4.985213199999999745e+01 6.304487999999999914e+01 7.980176299999999401e+01 9.568014300000000105e+01 1.025952699999999993e+02 8.284260100000000193e+01 8.358962099999999396e+01 2.549545399999999873e+01 2.279663599999999946e+01 8.240974500000000091e+01 2.278558599999999856e+01 6.068044299999999680e+01 9.050360100000000330e+01 8.781321699999999453e+01 9.667063799999999674e+01 7.953609000000000151e+01 8.026127599999999518e+01 8.884363600000000361e+01 8.648199700000000689e+01 0.000000000000000000e+00 7.470876099999999553e+01 8.888003500000000656e+01 8.692958600000000047e+01 4.786142000000000252e+01 3.944149600000000078e+01 5.944032099999999730e+01 8.150034700000000498e+01 7.755323400000000333e+01 1.024322399999999931e+02 7.838263299999999845e+01 9.715735599999999295e+01 9.167464999999999975e+01 3.633193599999999890e+01 8.166865300000000616e+01 7.381750599999999451e+01 5.670190300000000150e+01 5.565804099999999721e+01 8.388737399999999411e+01 7.231530700000000422e+01 6.814074899999999957e+01 8.162890899999999306e+01 1.000583699999999965e+02 1.084583099999999973e+02 1.023607700000000023e+02 9.112637399999999843e+01 4.475552499999999867e+01 2.840290099999999995e+01 1.020466799999999949e+02 5.667936600000000169e+01 8.640233100000000377e+01 1.123333099999999973e+02 1.021255299999999977e+02 1.135531000000000006e+02 1.040732500000000016e+02 9.456768999999999892e+01 9.348124500000000126e+01 1.025542899999999946e+02 0.000000000000000000e+00
3.956096200000000351e+01 3.012240999999999858e+01 6.939930400000000077e+01 7.283482700000000420e+01 5.066613699999999909e+01 5.325696299999999894e+01 8.826838300000000004e+01 4.444062199999999763e+01 8.378637200000000007e+01 4.958921899999999994e+01 7.438667800000000341e+01 5.422983299999999929e+01 5.277206900000000189e+01 0.000000000000000000e+00 3.007876399999999961e+01 4.976885500000000206e+01 3.493175300000000050e+01 1.005891100000000051e+02 6.734675900000000581e+01 9.271144099999999355e+01 9.975017800000000534e+01 9.879344600000000298e+01 1.180196200000000033e+02 8.694648100000000568e+01 6.873538800000000037e+01 7.028063099999999963e+01 6.865363600000000588e+01 8.050870600000000366e+01 3.143896499999999961e+01 4.500825700000000040e+01 5.409360300000000166e+01 5.639967999999999648e+01 8.063825300000000595e+01 4.268690999999999747e+01 4.505887200000000092e+01 6.408148500000000070e+01 4.705035199999999662e+01 0.000000000000000000e+00 9.708985199999999338e+01 1.131180099999999982e+02 9.431180100000000266e+01 7.686149699999999996e+01 5.833628900000000073e+01 6.594078299999999615e+01 9.265852999999999895e+01 1.146861799999999931e+02 1.223609500000000025e+02 8.680473999999999535e+01 1.162416400000000039e+02 1.123690399999999983e+02 8.208525000000000205e+01 1.078648599999999931e+02 9.092966800000000660e+01 6.481992499999999779e+01 8.829598900000000583e+01 1.213325099999999992e+02 1.132603399999999993e+02 1.024686200000000014e+02 1.037082000000000050e+02 1.128453899999999948e+02 1.314464399999999955e+02 1.312913000000000068e+02 9.599879300000000626e+01 9.432286399999999560e+01 7.634724900000000503e+01 1.319688299999999970e+02 9.538536799999999971e+01 1.128747500000000059e+02 1.232339900000000057e+02 1.035430300000000017e+02 1.281209499999999935e+02 1.224880799999999965e+02 1.003840799999999973e+02 8.714434900000000539e+01 1.050926400000000029e+02 0.000000000000000000e+00
5.632361600000000124e+01 5.313795700000000011e+01 7.862918200000000013e+01 7.974427500000000180e+01 4.282008499999999884e+01 4.957450699999999699e+01 9.756762399999999502e+01 6.881679599999999652e+01 1.023531100000000009e+02 5.578434800000000138e+01 9.276475999999999544e+01 7.408617700000000639e+01 5.571084199999999953e+01 3.007876399999999961e+01 0.000000000000000000e+00 2.632848399999999955e+01 2.852281299999999931e+01 1.173180600000000027e+02 8.735408200000000534e+01 1.054423000000000030e+02 1.113013299999999930e+02 1.127959400000000016e+02 1.344218099999999936e+02 1.082793900000000065e+02 7.636692299999999989e+01 7.943099999999999739e+01 7.254038199999999392e+01 1.037533499999999975e+02 4.238310100000000347e+01 6.708369299999999669e+01 6.968460299999999563e+01 5.963516299999999859e+01 9.889694900000000644e+01 6.421097899999999470e+01 4.813032100000000213e+01 4.111062299999999681e+01 3.849719600000000241e+01 0.000000000000000000e+00 8.946684100000000228e+01 1.013818700000000064e+02 9.320077299999999809e+01 8.242678100000000541e+01 4.977318600000000259e+01 5.818726600000000104e+01 1.000951000000000022e+02 1.084067399999999992e+02 1.242530399999999986e+02 8.013312200000000018e+01 1.159768799999999942e+02 1.077715599999999938e+02 7.454643299999999329e+01 9.064265000000000327e+01 6.793189599999999473e+01 4.267265600000000347e+01 7.039333700000000249e+01 1.282583199999999977e+02 1.124523800000000051e+02 1.108428899999999970e+02 1.140400599999999969e+02 1.201344100000000026e+02 1.418333000000000084e+02 1.341370499999999879e+02 9.278911800000000198e+01 9.332484200000000385e+01 7.726196899999999346e+01 1.316045699999999954e+02 8.313724100000000305e+01 1.066876100000000065e+02 1.119497800000000041e+02 9.113204199999999844e+01 1.271218099999999964e+02 1.118916100000000000e+02 8.589361100000000704e+01 6.231508800000000292e+01 8.369072099999999637e+01 0.000000000000000000e+00
5.930123199999999883e+01 6.431676099999999963e+01 7.312646700000000521e+01 6.988231899999999541e+01 2.746651699999999963e+01 3.643643099999999890e+01 8.805078899999999464e+01 7.699859600000000626e+01 1.015459699999999970e+02 5.257637299999999669e+01 9.232199799999999357e+01 7.760617999999999483e+01 5.374559800000000109e+01 4.976885500000000206e+01 2.632848399999999955e+01 0.000000000000000000e+00 3.711123700000000269e+01 1.140174300000000045e+02 9.000747099999999534e+01 9.890323999999999671e+01 1.023863800000000026e+02 1.067771299999999997e+02 1.288872299999999882e+02 1.091002100000000041e+02 7.134857399999999927e+01 7.690480800000000272e+01 6.461295699999999442e+01 1.070517600000000016e+02 5.069861199999999712e+01 7.273424400000000389e+01 7.734787099999999782e+01 6.066459300000000354e+01 1.000387999999999948e+02 7.497207199999999716e+01 5.271186200000000355e+01 3.723749200000000315e+01 4.769177400000000233e+01 0.000000000000000000e+00 6.743536299999999528e+01 7.685007000000000232e+01 7.663055799999999351e+01 7.115844099999999628e+01 3.184021399999999957e+01 3.943336200000000247e+01 8.875069700000000239e+01 8.718128299999999342e+01 1.071919199999999961e+02 6.039304099999999664e+01 9.778457299999999464e+01 8.698605000000000587e+01 5.894006999999999863e+01 6.480977300000000696e+01 4.255171800000000104e+01 1.670637899999999831e+01 4.920739799999999775e+01 1.157281299999999931e+02 9.510061799999999721e+01 1.001526099999999957e+02 1.039218900000000048e+02 1.076222400000000050e+02 1.305614899999999921e+02 1.172575999999999965e+02 7.538422900000000482e+01 8.014054000000000144e+01 6.662331899999999507e+01 1.125964000000000027e+02 6.169239699999999971e+01 8.481434699999999793e+01 8.893781500000000051e+01 6.998454599999999459e+01 1.086241399999999970e+02 8.806573600000000113e+01 6.270553000000000310e+01 4.261252499999999799e+01 6.012073099999999926e+01 0.000000000000000000e+00
5.755345299999999753e+01 5.927968599999999810e+01 8.432373900000000333e+01 6.818273200000000145e+01 3.990505399999999980e+01 5.395269199999999898e+01 9.532790300000000627e+01 5.806729599999999891e+01 1.010622599999999949e+02 6.503165900000000477e+01 9.129743399999999554e+01 7.566833099999999490e+01 3.130862199999999973e+01 3.493175300000000050e+01 2.852281299999999931e+01 3.711123700000000269e+01 0.000000000000000000e+00 1.011748800000000017e+02 7.119900099999999554e+01 9.015898599999999874e+01 1.023720399999999984e+02 1.110235899999999987e+02 1.252744799999999969e+02 1.003696999999999946e+02 8.535448300000000188e+01 5.585741699999999810e+01 5.227808799999999678e+01 9.708506699999999512e+01 2.197535699999999892e+01 6.563232399999999700e+01 8.331963500000000522e+01 7.796880699999999820e+01 1.030107799999999969e+02 7.344420300000000168e+01 6.747701499999999442e+01 6.691496800000000178e+01 6.515934799999999427e+01 0.000000000000000000e+00 8.720243200000000172e+01 9.983703900000000431e+01 9.657820599999999445e+01 7.081427100000000507e+01 4.487523099999999943e+01 6.211683399999999722e+01 9.763445799999999508e+01 9.802311299999999505e+01 1.208896400000000000e+02 8.459273100000000056e+01 1.137941399999999987e+02 1.062131100000000004e+02 5.624494899999999831e+01 8.820217900000000100e+01 6.966442499999999427e+01 4.725512799999999913e+01 6.019141900000000334e+01 1.126292499999999990e+02 9.810328599999999710e+01 9.593443600000000515e+01 1.048170999999999964e+02 1.176677999999999997e+02 1.327281900000000121e+02 1.256655899999999946e+02 9.837475700000000245e+01 7.276580400000000282e+01 5.700379000000000218e+01 1.239568500000000029e+02 7.107219299999999862e+01 1.024625999999999948e+02 1.181643499999999989e+02 1.020450900000000019e+02 1.279455300000000051e+02 1.137695700000000016e+02 9.485783999999999594e+01 7.931385299999999461e+01 9.603489500000000589e+01 0.000000000000000000e+00
7.345839700000000505e+01 8.828502600000000200e+01 7.972363400000000411e+01 4.802630700000000274e+01 8.783769100000000662e+01 8.765147000000000332e+01 5.932761200000000201e+01 5.960173799999999744e+01 5.899087600000000009e+01 8.864773300000000233e+01 5.774433899999999653e+01 6.996349999999999625e+01 7.446427599999999813e+01 1.005891100000000051e+02 1.173180600000000027e+02 1.140174300000000045e+02 1.011748800000000017e+02 0.000000000000000000e+00 3.575931899999999786e+01 1.923387599999999864e+01 3.742907699999999949e+01 5.971615500000000054e+01 3.916086599999999862e+01 3.825549800000000289e+01 8.918107100000000287e+01 5.326525099999999924e+01 5.841237100000000027e+01 4.655834399999999818e+01 8.179559799999999825e+01 6.714702099999999518e+01 1.043190699999999964e+02 1.125792200000000065e+02 7.825788000000000011e+01 9.471201800000000048e+01 1.120209399999999960e+02 1.425089399999999955e+02 1.316715299999999900e+02 0.000000000000000000e+00 9.141483999999999810e+01 1.088112899999999996e+02 8.870171600000000467e+01 4.939869099999999946e+01 8.676785099999999318e+01 9.224642400000000464e+01 6.176228600000000313e+01 8.683899800000000369e+01 8.030414799999999786e+01 9.639124300000000289e+01 8.406201500000000237e+01 9.228180899999999554e+01 8.434193000000000495e+01 1.193167399999999958e+02 1.281134199999999908e+02 1.149807700000000068e+02 1.123607999999999976e+02 4.476290900000000050e+01 6.751339799999999514e+01 3.384310099999999721e+01 3.989364799999999889e+01 6.880385400000000118e+01 5.458307899999999790e+01 7.221763799999999378e+01 9.722601000000000226e+01 6.742860199999999793e+01 6.285478799999999922e+01 8.215179100000000290e+01 9.762105699999999331e+01 9.190618700000000274e+01 1.262259999999999991e+02 1.253243499999999955e+02 9.907153999999999883e+01 1.164208799999999968e+02 1.229659599999999955e+02 1.450893100000000118e+02 1.441126399999999990e+02 0.000000000000000000e+00
4.873224299999999687e+01 5.941906300000000130e+01 6.875870999999999356e+01 4.227787099999999754e+01 6.774037599999999770e+01 6.972321999999999775e+01 6.227730700000000041e+01 2.559515199999999879e+01 5.576795700000000267e+01 6.903007999999999811e+01 4.963936600000000254e+01 4.998407999999999873e+01 4.985213199999999745e+01 6.734675900000000581e+01 8.735408200000000534e+01 9.000747099999999534e+01 7.119900099999999554e+01 3.575931899999999786e+01 0.000000000000000000e+00 3.617438700000000296e+01 5.404688800000000271e+01 6.683695400000000575e+01 6.434037299999999959e+01 3.895450499999999749e+01 7.641270199999999591e+01 3.557791699999999935e+01 4.421981300000000203e+01 3.885845499999999930e+01 4.990244599999999764e+01 4.160155400000000014e+01 8.166797599999999591e+01 9.142390500000000486e+01 6.930599200000000337e+01 6.861495999999999640e+01 8.768162800000000345e+01 1.176423699999999997e+02 1.043489100000000036e+02 0.000000000000000000e+00 9.023058699999999988e+01 1.091006699999999938e+02 8.777588599999999985e+01 4.636884299999999826e+01 6.947747300000000337e+01 7.848449999999999704e+01 6.675101899999999944e+01 9.321542499999999620e+01 9.435504899999999395e+01 9.033522299999999916e+01 9.410195400000000632e+01 9.787089500000000442e+01 7.364293800000000090e+01 1.135784000000000020e+02 1.136382499999999993e+02 9.514662500000000023e+01 9.895532699999999693e+01 6.980800999999999590e+01 7.895147099999999796e+01 5.246640200000000220e+01 5.827138399999999763e+01 8.193089399999999500e+01 8.210936599999999430e+01 9.291559900000000027e+01 9.483380699999999308e+01 6.569712300000000482e+01 5.281731700000000274e+01 9.941403900000000249e+01 9.104625000000000057e+01 9.733717400000000453e+01 1.262367399999999975e+02 1.183406800000000061e+02 1.095321100000000030e+02 1.187854099999999988e+02 1.152493400000000037e+02 1.265537999999999954e+02 1.319955300000000022e+02 0.000000000000000000e+00
6.444742800000000216e+01 8.191443099999999333e+01 6.879024499999999875e+01 3.042679800000000157e+01 7.193662000000000489e+01 7.211000699999999597e+01 4.729538900000000012e+01 5.713436999999999699e+01 5.682065399999999755e+01 7.664436999999999500e+01 5.376871100000000325e+01 6.439408000000000243e+01 6.304487999999999914e+01 9.271144099999999355e+01 1.054423000000000030e+02 9.890323999999999671e+01 9.015898599999999874e+01 1.923387599999999864e+01 3.617438700000000296e+01 0.000000000000000000e+00 2.718454799999999949e+01 5.447386500000000353e+01 4.348550099999999929e+01 4.317117499999999808e+01 7.816303800000000024e+01 4.460871900000000068e+01 4.415406899999999979e+01 5.123457299999999748e+01 7.299932200000000648e+01 6.183202500000000157e+01 9.766827600000000587e+01 1.016888500000000022e+02 7.498978499999999769e+01 8.945674699999999291e+01 1.012532300000000021e+02 1.281524000000000001e+02 1.201902299999999997e+02 0.000000000000000000e+00 7.247105500000000688e+01 8.975599900000000275e+01 7.264444600000000207e+01 3.096850299999999834e+01 6.992445800000000133e+01 7.515853400000000306e+01 4.847981999999999658e+01 6.848242999999999370e+01 6.604524399999999673e+01 7.882295600000000491e+01 6.819958800000000565e+01 7.454488600000000531e+01 6.799556699999999410e+01 1.001857200000000034e+02 1.099480599999999981e+02 9.826139600000000485e+01 9.503634399999999971e+01 3.446613500000000130e+01 5.054961899999999986e+01 1.779124699999999848e+01 2.865946399999999983e+01 5.794371999999999900e+01 5.019257799999999747e+01 5.912666200000000316e+01 8.103587199999999768e+01 5.233549200000000212e+01 4.759247299999999825e+01 6.708643800000000113e+01 7.948704800000000148e+01 7.341846499999999764e+01 1.083693099999999987e+02 1.078862799999999993e+02 8.441607100000000230e+01 9.807703600000000677e+01 1.048255900000000054e+02 1.279937299999999993e+02 1.258262500000000017e+02 0.000000000000000000e+00
6.396488300000000038e+01 8.254699999999999704e+01 5.488419700000000034e+01 3.604862299999999919e+01 7.552158000000000015e+01 6.927119299999999669e+01 2.655190599999999890e+01 6.806161899999999321e+01 4.323210199999999759e+01 6.992349900000000673e+01 4.319118900000000139e+01 5.959053300000000064e+01 7.980176299999999401e+01 9.975017800000000534e+01 1.113013299999999930e+02 1.023863800000000026e+02 1.023720399999999984e+02 3.742907699999999949e+01 5.404688800000000271e+01 2.718454799999999949e+01 0.000000000000000000e+00 3.162566400000000044e+01 2.973709300000000155e+01 4.067781399999999792e+01 6.443586600000000431e+01 6.730957300000000032e+01 6.145511499999999927e+01 5.018570299999999662e+01 8.686629600000000551e+01 6.254876800000000259e+01 9.030655899999999292e+01 9.300296600000000069e+01 6.093358099999999666e+01 8.648098299999999483e+01 9.589931199999999478e+01 1.261810499999999990e+02 1.177460800000000063e+02 0.000000000000000000e+00 6.488255800000000306e+01 8.253144000000000347e+01 5.523243800000000192e+01 3.570275399999999877e+01 7.349528599999999301e+01 7.050971599999999739e+01 2.682124800000000064e+01 6.807597699999999463e+01 4.507545199999999852e+01 6.729172499999999957e+01 4.917941799999999830e+01 6.036380100000000226e+01 8.091201200000000426e+01 9.912641700000000355e+01 1.118239899999999949e+02 1.011309499999999986e+02 1.031286000000000058e+02 4.003394600000000025e+01 5.502019700000000313e+01 2.803136299999999892e+01 5.916272900000000057e+00 3.164042600000000149e+01 3.176566100000000148e+01 4.470350200000000029e+01 6.400981699999999819e+01 6.916046799999999450e+01 6.429326299999999605e+01 5.445763099999999923e+01 8.640882499999999311e+01 6.396454500000000110e+01 9.342000199999999666e+01 9.455767099999999914e+01 6.262580100000000272e+01 8.547288399999999342e+01 9.432838399999999979e+01 1.243969799999999992e+02 1.187855899999999991e+02 0.000000000000000000e+00
