17.0087151266829 0 99.1831943865904 83.4826931200529 137.352700805664 63.6380704243978 96.61458141703 30.9420075250314 51.6676124812869 73.3977759866153 23.1518445014954 120.164845466614 115.137680400502 190.553588867188 23.6806554851505 0 121.51088142395 99.4948255953912 135.139658927917 124.235578778146 126.734829902649 73.9919370801261 91.195556640625 82.7264527536488 92.178580556597 0 116.262680096333 130.139109684871 65.1610259819031 23.6657259588432 29.5212116195473 123.319297790527 101.190738677979 55.2805906931559 84.2139896686261 0 0 170.697934831892 138.807586669922 133.710830688477 0 191.918663024902 174.518374633789 163.152715047201 99.5330657958984 0 0 0 0 142.053756713867 0 152.259396362305 178.407875061035 0 215.471176147461 139.293731689453 146.768753051758 129.414967007107 159.813705444336 128.82656510671 0 177.648773193359 164.023585510254 146.904287639417 179.536880493164 149.833438648897 0 0 135.977512359619 144.188705444336
0 8.64704235394796 62.5878448486328 33.9708335921682 0 123.575172424316 156.447017669678 204.771209716797 168.569953918457 64.7688135530166 0 77.6477027893066 171.382514953613 54.890529951303 148.910995483398 111.423934936523 86.7756341079186 57.5224360057286 86.2011357625326 65.7524089519794 165.965749104818 107.853899637858 30.9290229069637 111.354358128139 72.2996532230587 21.7482740758327 64.8325998992251 32.3493975404905 90.4044541023873 126.355999339711 111.482526925894 74.2480748974302 110.505744934082 96.4202041625977 78.0649567672184 235.817443847656 40.3312889099121 100.278751134872 17.9260891981988 147.482697380914 0 179.852523803711 171.843841552734 201.574071248372 110.500381469727 166.321838378906 119.382303338302 122.642295837402 106.445400155109 205.431423187256 0 137.494233703613 121.849219582298 153.525382995605 115.831424501207 173.195701599121 151.819107055664 110.571250915527 121.323913029262 129.761599001677 104.651317954063 105.036475215126 103.620480038539 147.674167408663 0 156.775253295898 128.567821703459 0 0 127.362303597586
99.1831943865904 62.5878448486328 17.1115649094013 56.7989264442807 114.929935879178 164.683772495815 137.762724765511 100.30015398202 119.69328672935 148.459770896218 104.590769002646 123.557937440418 186.142556190491 207.031196594238 111.813309328455 174.043022155762 122.331547487699 46.9233136837547 100.372867611871 81.3059163380818 172.745166778564 64.865792033499 97.2367168378226 30.6064476898245 124.667923564642 140.884748458862 44.4722101348686 26.613973755426 88.3357005708673 116.577561220508 80.8240812729377 112.072466373444 174.622570169383 118.72983278547 67.6820112889165 156.070432535807 97.7227657431423 98.9015947817114 80.3518373625619 0 0 207.513557434082 167.703427658081 183.907990848317 148.54829788208 188.410766601562 158.724540710449 240.015487670898 151.992856025696 168.974361165365 233.692794799805 122.673326266439 122.242207637775 158.157167561849 126.883749773158 202.03205871582 157.443770446777 118.383494216784 111.034911670516 151.836006095818 118.844613211496 109.059777070433 103.646963338289 153.297487797944 177.962126668294 152.775605331233 153.796250776811 0 156.284236907959 142.150736722079
83.4826931200529 33.9708335921682 56.7989264442807 35.9413675288944 150.445930480957 103.669605255127 114.250915690831 72.22253619039 99.7791858144326 26.5425009648083 109.05443732683 121.354298853874 136.646072751 60.0970356552689 102.132998810511 84.7983571566068 45.656809175629 67.5386037401706 80.6510988473892 83.5246694098579 106.303134392048 57.4007801421701 27.2097469200055 69.5472225182586 43.0457801742554 46.7510908644969 66.0869167318049 40.2775954575714 53.5232344174636 69.6445797752887 59.6431787109375 65.7101947748773 117.340425014496 59.5223701823841 71.1608610101085 196.412536621094 25.8559490127797 88.2270768316169 12.5782904427562 100.474210929871 116.434371948242 129.690081509677 90.4207332890208 130.263300895691 18.8764984370595 109.647823109346 77.0026282260292 105.501215108236 62.2580253861167 114.001651417125 72.3542861938477 64.7219477370381 102.390360847848 77.5933153201372 106.379908752441 103.169933864049 78.7424860596657 34.3103871780243 108.971204616753 62.8110075507633 15.0800961930588 89.1805753873263 75.5969455532241 78.374630441471 89.0974127825569 77.4783355712891 68.8193884329362 125.589637756348 73.1774809701102 107.752456385915
137.352700805664 0 114.929935879178 150.445930480957 7.2933134177637 97.1368427276611 57.7729176849946 63.4172142854671 111.090304154616 80.0039024353027 19.3248503663489 172.096985760857 20.2729873020224 187.727386474609 118.702727325961 51.0715431466112 152.378799438477 145.940671284993 165.835586547852 187.081503295898 17.5485668683464 154.493617248535 0 161.619318644206 15.3327973018232 0 172.436292012533 174.876991271973 14.9108846323084 100.841646375969 147.369963509696 188.77033996582 118.663875579834 79.6491740998768 82.3437264413545 183.473281860352 134.281477928162 228.487953186035 82.3194235021418 112.3210238584 152.978265762329 157.666882533653 139.847533245476 154.416610805468 102.688067481631 149.744873908773 222.160463605608 144.980192757378 218.67737197876 183.678906758626 121.559811909993 168.841194152832 192.081878662109 230.733647664388 215.027435302734 141.847629086833 174.546798706055 113.643741130829 186.010539245605 114.122579930101 187.589019775391 239.181866455078 189.371280988057 133.707164840193 177.748319898333 164.946168627058 234.330451965332 189.661309136285 176.438148498535 160.349168877853
63.6380704243978 123.575172424316 164.683772495815 103.669605255127 97.1368427276611 5.89769242703198 39.4142029373562 116.864517861224 55.603160218759 68.6798343043174 109.105658780611 75.6424919908697 87.7195570019708 75.0495116710663 28.5401965648204 11.1905621175775 0 177.273724724265 104.062355041504 202.352535247803 102.406827926636 136.445072719029 96.4730529785156 158.89672088623 83.2792588776233 79.4260902404785 140.515611748946 178.661699295044 122.143622807094 40.4735054651896 111.323432922363 114.140983581543 15.4030020957494 122.298431396484 39.5098421948015 0 238.049697875977 0 115.361991882324 131.715858459473 0 192.683547973633 206.648361206055 200.739418029785 112.926616668701 177.79430847168 0 0 0 219.680755615234 0 170.698043823242 0 0 0 152.320999145508 159.058517456055 0 175.668375651042 144.75896692276 0 0 199.080844116211 178.040422941509 212.499954223633 178.084213256836 0 0 176.268341064453 0
96.61458141703 156.447017669678 137.762724765511 114.250915690831 57.7729176849946 39.4142029373562 19.1287114281914 69.8986301625327 45.0552135698995 85.612870717786 31.6430381240247 128.290084431724 33.0744180341809 120.320603882639 90.4919290802823 18.2656045309314 152.179313659668 157.469932713257 164.845497509665 170.344218020169 39.2017499308594 108.944030708859 153.57243975471 127.792888573641 93.2435682725243 135.092222143103 162.018477254444 158.215511496297 77.9984511452465 91.8667653273419 124.176749577125 165.022299429087 38.4258991938292 104.171176461612 75.7230443011852 164.534233093262 242.465896606445 198.867365519206 104.529660797119 166.959229242234 226.533477783203 176.363941616482 170.88266651447 174.037075224377 117.909067224573 175.718510945638 230.484655761719 174.546504909709 222.239154815674 199.634699786151 186.620361328125 165.12666659885 212.577632904053 234.051727294922 212.178619384766 161.597289158748 180.391799926758 154.940085517036 200.524834405808 143.33495870937 211.603805541992 217.831130981445 207.188852310181 158.505145870216 176.55107661656 180.090861567744 238.086906433105 226.323532104492 167.061053466797 172.806506174915
30.9420075250314 204.771209716797 100.30015398202 72.22253619039 63.4172142854671 116.864517861224 69.8986301625327 13.465274695135 65.0659105336159 59.2897783216539 23.4004749604937 156.580624556541 116.730511413223 162.295555768694 47.4370613593959 85.88732644786 95.0380666632401 133.751270645874 170.760232191819 163.962457307628 143.493037148127 57.7582885997842 83.0976287841797 74.2606936105746 60.568700574655 161.164050015536 148.41135890972 111.697628287929 36.6927697053643 72.0110077313413 22.9577587972985 180.419155883789 125.478769603528 69.5671897544807 81.5197736252306 0 132.434883117676 166.486425884699 90.182114760081 138.369997246321 0 156.379927895286 136.874441964286 149.846045884219 86.020791982015 153.640562212909 202.090519714355 153.841617765881 226.697853088379 174.352826984112 0 142.742259870257 182.510786437988 0 209.147313435872 147.288828256968 148.229779330167 85.9757793260657 157.320469487322 116.060121010779 178.86669921875 193.231321822765 180.25135026192 126.227932815172 140.000963175072 125.432151337373 242.791000366211 174.074816385905 130.556256261365 146.84024212177
51.6676124812869 168.569953918457 119.69328672935 99.7791858144326 111.090304154616 55.603160218759 45.0552135698995 65.0659105336159 20.0067977216579 96.6652966055641 43.6515522798442 109.917998231488 98.0023307965233 98.2324476939876 23.4120766353187 88.3896767752511 163.752412622625 131.542945160345 164.171413763813 152.076678822341 98.2387520754506 97.5112183883977 130.209523287686 105.64220383493 102.249533973956 130.342364384578 141.321678070766 149.168541483854 92.2677206823568 75.8743565602239 86.7213543323131 143.513383483887 26.5346512917536 116.830340985899 111.937008609114 194.799279785156 186.536476135254 176.928574973006 115.252813298652 201.785281146014 225.913291931152 188.979624147768 170.196511522124 184.765944315592 113.984114666374 188.669003295898 230.969048239968 188.064948753074 219.180480957031 198.485109228837 0 177.285882656391 218.038408915202 230.761070251465 218.301280430385 182.117213657924 192.450497627258 141.559189001719 182.812001136041 150.490284807542 188.124423980713 206.403965268816 188.976652696988 163.456676673889 178.323031475669 169.071418919514 174.701873779297 226.798869541713 169.014742170061 176.4760371169
73.3977759866153 64.7688135530166 148.459770896218 26.5425009648083 80.0039024353027 68.6798343043174 85.612870717786 59.2897783216539 96.6652966055641 9.67024788809697 97.5542845927494 140.737403027765 54.1013674736023 121.473938460203 102.52928408261 28.5544316013108 86.5272364807129 119.972910439096 157.633809407552 150.774726867676 106.924500409295 102.02530171321 16.406437213758 107.299341953162 20.4246505108594 96.6417929629485 142.914958385711 104.139209665317 47.2897578489001 71.529997265216 59.0971721165116 134.481054740117 109.143318475461 58.7901951731468 79.451559196819 0 135.620445251465 128.185964311872 38.7406886991907 109.246113116925 0 132.608489990234 109.223096899084 129.136792989878 27.4421904850006 106.0036277771 164.791561381022 137.352933611189 166.041345868792 143.07640171051 0 116.77302914574 170.748059953962 190.810632324219 169.921591864692 104.768525343675 112.1481590271 73.9993305206299 141.68080006475 75.1281343893783 161.498399734497 169.156651279383 155.033062324212 96.0451855910452 124.261408755654 104.967032909393 190.616369883219 0 93.9666408962674 110.794154447668
23.1518445014954 0 104.590769002646 109.05443732683 19.3248503663489 109.105658780611 31.6430381240247 23.4004749604937 43.6515522798442 97.5542845927494 12.8213272866404 148.670457458496 25.0011230703411 157.042811745091 66.1102355983731 91.3306814266157 137.68320719401 142.407902289497 169.836359078544 161.779327739369 26.3218939460396 73.0946854752317 175.73109181722 84.5195320156024 86.6654235684142 160.82920143821 155.840954869359 143.341788618905 38.6241547054272 92.8723852654958 107.814936708897 178.992081513276 122.776816766912 82.7297198841873 79.5279542718788 202.42912902832 161.950605392456 199.85412258572 100.639924386831 87.1105566423007 166.341232299805 166.046242363508 153.245506970636 166.756593311367 127.982657114665 166.04174403821 224.030230070415 161.724018751973 228.025505065918 189.914418746014 155.133788517543 162.031995773315 205.172171020508 235.897039413452 221.191078186035 156.901508709857 154.778996785482 142.714191182454 184.849732971191 134.121019215237 190.214845929827 218.382617726046 191.458099779875 147.352661201709 182.446933707011 162.266564352471 243.288708496094 213.564792633057 154.721749525804 164.338206863403
120.164845466614 77.6477027893066 123.557937440418 121.354298853874 172.096985760857 75.6424919908697 128.290084431724 156.580624556541 109.917998231488 140.737403027765 148.670457458496 19.2529529697681 143.937147620086 31.5232495946929 97.5520218352284 149.050621986389 125.82691519601 66.8014537801293 26.6288480850475 36.4638925598189 145.577715168085 116.878511644059 114.368128140767 109.027516242785 158.265524622906 53.1313829448975 47.3647143903124 87.6537122079071 158.02419724003 86.5943007109551 138.864914213885 47.3191718875942 77.1535303085205 120.789542061942 33.672444890708 217.946640014648 132.656401570638 175.681065368652 122.622429824457 224.279052734375 0 211.741310846238 216.090235725778 223.805556233724 173.153697422573 228.617999267578 99.5432704258891 226.387794494629 92.7503162187017 205.957410372221 192.578964233398 187.742086138044 155.683438618978 132.265260467529 139.225666809082 231.719398498535 195.652501424154 165.96942109328 192.301926879883 201.987687955237 92.9970871215542 126.81586904879 128.5147767971 211.56328531499 210.534036908831 212.413854217529 119.733760468988 150.379309844971 211.981389363607 177.080819188332
115.137680400502 171.382514953613 186.142556190491 136.646072751 20.2729873020224 87.7195570019708 33.0744180341809 116.730511413223 98.0023307965233 54.1013674736023 25.0011230703411 143.937147620086 13.1236429194437 148.376573350694 104.993864693172 25.9793117385927 0 176.609595889137 161.807645773586 161.50846522195 13.1120775686023 158.492310957475 148.202661037445 184.199174194336 32.5543201545154 166.100442068917 164.858996197894 173.729921475263 73.2205739967407 93.9736313998699 158.169333457947 172.103176574707 110.720582929708 128.126308441162 87.9409386000708 199.359970092773 201.124794006348 193.705627441406 110.90257527278 144.297676644674 0 174.600903320313 163.150784356253 173.239569133037 140.43172899882 170.15937659854 230.34604051378 173.13792318668 231.062367757161 195.622108459473 149.935569763184 0 202.365531921387 227.100219726562 0 158.926692610937 171.907638549805 159.454870605469 189.375802612305 136.289543938939 145.861038208008 231.26225789388 210.368276155912 154.74011092186 181.404503292508 173.864599227905 230.782943725586 0 171.36003112793 173.431659405048
190.553588867188 54.890529951303 207.031196594238 60.0970356552689 187.727386474609 75.0495116710663 120.320603882639 162.295555768694 98.2324476939876 121.473938460203 157.042811745091 31.5232495946929 148.376573350694 13.5794415736809 93.8724436759949 143.249548594157 135.888043721517 170.823225021362 91.0520340112539 150.920718002319 156.627130408036 169.961959838867 94.1622580486795 189.581616915189 138.99112416143 30.0281264600407 89.0412719807726 28.0186106037271 157.576885223389 89.8469541867574 160.369105021159 32.9805988122992 83.6186200085808 182.9326171875 57.1298274993896 165.332183837891 125.109628105164 179.662483215332 85.820033680309 189.4150390625 0 206.001772562663 225.705897013346 180.320560802113 179.963786913001 225.778198242188 91.3126733081044 0 85.4395564026917 159.175472259521 210.121760050456 179.643573760986 221.60311126709 127.691754399514 136.776950454712 218.955911254883 0 151.172817230225 0 200.615762448778 77.9009086178467 116.330299089121 117.57033543048 214.283823453463 155.578565325056 209.784573364258 111.789522026461 132.115759134293 204.510208129883 111.010153270903
23.6806554851505 148.910995483398 111.813309328455 102.132998810511 118.702727325961 28.5401965648204 90.4919290802823 47.4370613593959 23.4120766353187 102.52928408261 66.1102355983731 97.5520218352284 104.993864693172 93.8724436759949 15.5480678388379 123.785297740589 147.302295139858 125.529174687068 154.158878392187 147.408840767918 107.93924490631 89.5094791683511 109.976710609768 93.1522526211209 116.198725528476 121.993987560272 138.002796792715 142.243614780447 100.922427065257 36.6041010543733 65.30125150049 125.968674214681 31.4443716679433 61.8679736432412 80.3631403434336 0 0 173.509125580659 125.82131668617 199.414600644793 212.086090087891 196.889170328776 181.24065540455 196.847079818313 115.447413541833 197.451182725694 231.013763427734 198.559825774162 228.925842285156 207.299495081748 0 164.3493800354 210.283942086356 241.386810302734 222.795806884766 194.139492458767 178.733217511858 130.004807366265 178.136005041734 162.217553637019 247.482391357422 205.746087325247 186.069355231065 168.272690872407 189.09861544905 168.96377831317 223.475769042969 232.285756429036 167.686614990234 180.202680479805
0 111.423934936523 174.043022155762 84.7983571566068 51.0715431466112 11.1905621175775 18.2656045309314 85.88732644786 88.3896767752511 28.5544316013108 91.3306814266157 149.050621986389 25.9793117385927 143.249548594157 123.785297740589 7.58998848047204 89.567253112793 166.688850402832 184.582794189453 195.462821960449 61.9375386628948 174.184829711914 79.4799847073025 151.541862487793 45.0263953762306 152.045403616769 191.824722290039 140.254903053751 72.3117709071548 90.7211441713221 103.723722185407 174.506950378418 39.5346084711154 93.9222687941331 72.8935897224828 0 0 151.510543823242 53.2763493855794 118.694932047526 0 131.647262573242 157.356381734212 134.553958892822 90.6120491027832 135.6570248074 0 144.371047973633 223.577758789062 0 100.339981079102 129.76139831543 0 0 0 125.471994781494 172.638282775879 119.149353027344 0 103.334163828099 0 0 174.785722351074 132.512993403843 189.552185058594 134.306228637695 0 0 0 0
121.51088142395 86.7756341079186 122.331547487699 45.656809175629 152.378799438477 0 152.179313659668 95.0380666632401 163.752412622625 86.5272364807129 137.68320719401 125.82691519601 0 135.888043721517 147.302295139858 89.567253112793 14.2960256883068 108.79319968388 133.178095499674 127.109613291423 198.985198974609 25.2503536116391 33.3511926603099 22.4678353424368 19.5990068691652 124.474952697754 150.966196060181 34.4278039478616 35.366910874307 124.088435173035 95.8178745221488 126.338104248047 0 114.678148542132 89.934107552112 156.2939453125 130.326580774216 113.132872140067 141.274474750866 0 151.234146118164 180.462566375732 151.195922351274 171.935444102568 100.821531606275 170.268488566081 176.394479924982 142.64282989502 0 165.311410522461 123.895332336426 101.128584614294 156.963417502011 186.781171526228 164.574471609933 204.013565063477 114.915086052966 71.0131365981693 107.720980642109 114.302108374509 159.38828531901 152.250457648075 112.709259987474 117.051783984119 142.258055725098 120.603976648376 199.047096252441 0 129.596213089792 133.318382377055
99.4948255953912 57.5224360057286 46.9233136837547 67.5386037401706 145.940671284993 177.273724724265 157.469932713257 133.751270645874 131.542945160345 119.972910439096 142.407902289497 66.8014537801293 176.609595889137 170.823225021362 125.529174687068 166.688850402832 108.79319968388 16.1643991631005 56.9104903342641 21.8092559546634 184.825559997559 71.8891046635648 86.2208711479892 47.0290986299257 125.542551095935 110.198169708252 38.0727369709832 69.4987753314907 122.139659958586 90.6969229179317 73.2394618855398 112.164752197266 176.664805094401 80.0180135043162 29.2380873601929 187.171680450439 108.912600354451 114.664156562731 91.5258821154398 0 0 208.185339355469 180.517869518649 202.498833832917 139.065213339669 189.549255371094 164.075874328613 240.748191833496 0 187.142968177795 164.939041137695 150.601685610684 131.232115489039 162.455513000488 134.870274796445 0 160.674289996807 120.371488725817 145.299589954723 161.329379915441 137.744691848755 114.01607923382 115.441100808789 160.198207423698 180.608041863692 163.38712790353 157.006214904785 233.485229492188 154.809457778931 159.541758478904
135.139658927917 86.2011357625326 100.372867611871 80.6510988473892 165.835586547852 104.062355041504 164.845497509665 170.760232191819 164.171413763813 157.633809407552 169.836359078544 26.6288480850475 161.807645773586 91.0520340112539 154.158878392187 184.582794189453 133.178095499674 56.9104903342641 14.6712574062436 31.4733548647371 166.177043568004 126.608231544495 111.800446646554 116.035627851738 173.443795281488 62.8844694906835 45.2180252987625 81.918918279012 165.969995162066 114.88305924467 119.691985473633 65.9761111865592 108.312174829943 115.069604237874 69.8182866505436 0 139.385176086426 154.833263821072 119.246165513992 0 0 208.331685384115 216.956296648298 228.786544799805 189.03323059082 0 125.924747103737 0 117.791492436895 0 0 193.026133219401 147.84836408827 126.240995570592 133.641166128763 0 209.145330810547 163.914321899414 188.703316428445 210.594412151136 95.5102091250212 124.779719437095 128.500966627309 206.721400790744 0 216.357982288707 126.224720389888 0 207.731628417969 170.558797200521
124.235578778146 65.7524089519794 81.3059163380818 83.5246694098579 187.081503295898 202.352535247803 170.344218020169 163.962457307628 152.076678822341 150.774726867676 161.779327739369 36.4638925598189 161.50846522195 150.920718002319 147.408840767918 195.462821960449 127.109613291423 21.8092559546634 31.4733548647371 17.4899739910344 161.907513242779 101.913744424891 109.105340673568 92.6074694191537 142.899940380152 59.969110605668 37.5469173307231 80.8101581545832 138.424723504816 109.276372680847 94.7964499143722 97.1860094292219 174.238280556419 96.0729153752327 47.8316339376351 185.89631652832 126.464442888896 128.208375133168 98.0516583047262 203.920104980469 0 0 200.031133015951 221.821453518338 188.836386108398 0 137.147529602051 245.604827880859 124.199175206626 225.505794525146 0 168.717940087412 134.518200605344 125.023976307995 120.782854203255 0 180.67816696167 138.767953311696 164.143972162615 189.898076894332 100.544783534774 117.575713666465 123.938100546598 184.926209420869 211.850041707357 180.992583917112 129.734663645426 0 189.513816833496 154.313950500488
126.734829902649 165.965749104818 172.745166778564 106.303134392048 17.5485668683464 102.406827926636 39.2017499308594 143.493037148127 98.2387520754506 106.924500409295 26.3218939460396 145.577715168085 13.1120775686023 156.627130408036 107.93924490631 61.9375386628948 198.985198974609 184.825559997559 166.177043568004 161.907513242779 13.1996248306672 177.502920150757 173.575961303711 175.147183418274 43.2189731704655 173.559076162485 166.161515635829 171.729196035734 36.6326872443581 96.6742679833225 166.458040481959 166.65070438385 118.407357612023 101.99196794298 85.5542155852061 0 146.036262512207 202.971432495117 91.5298871260423 142.447749111596 176.683085123698 163.729359010855 148.570380994252 160.044584496252 113.852042388916 159.513242847912 216.603912789481 156.791046218872 229.789257049561 183.982998134854 152.337181091309 167.30214436849 237.619491577148 224.420500437419 222.471374511719 150.517349530573 168.664123535156 135.777802316766 183.849517019171 126.113934014348 169.49365234375 221.90405069987 207.425846862793 141.714149657491 176.113212806591 149.153308937766 224.555460611979 201.200853620257 142.509185791016 158.172880849531
73.9919370801261 107.853899637858 64.865792033499 57.4007801421701 154.493617248535 136.445072719029 108.944030708859 57.7582885997842 97.5112183883977 102.02530171321 73.0946854752317 116.878511644059 158.492310957475 169.961959838867 89.5094791683511 174.184829711914 25.2503536116391 71.8891046635648 126.608231544495 101.913744424891 177.502920150757 13.9270623661876 56.9640701583952 27.3777931747617 28.1497407476902 187.247749328613 106.015398841463 83.865610159139 25.5647890431372 56.8467434763095 27.5607257801617 159.072751726423 147.771189371745 50.5518490711105 38.2318510734605 134.876842792218 149.967750549316 143.301561659661 157.406219482422 0 0 180.20246887207 134.797440584041 167.503854834515 90.9356423437068 198.947832380022 186.776273727417 193.793271745954 199.111618041992 156.06266280583 125.782084147135 116.322850964047 157.296015490283 180.489907836914 182.578649009146 194.754447937012 124.413800483918 82.3734993178192 122.93021352164 110.652868176594 175.683881759644 180.695657289945 147.00990351018 116.1987461981 131.957060740544 117.046558372402 0 171.626983642578 116.008355805368 121.565229176277
91.195556640625 30.9290229069637 97.2367168378226 27.2097469200055 0 96.4730529785156 153.57243975471 83.0976287841797 130.209523287686 16.406437213758 175.73109181722 114.368128140767 148.202661037445 94.1622580486795 109.976710609768 79.4799847073025 33.3511926603099 86.2208711479892 111.800446646554 109.105340673568 173.575961303711 56.9640701583952 12.1599171142429 58.0800748815139 32.0290558511007 65.7356154256542 108.148206826732 44.4546795709527 45.9903762687268 73.7213897397441 62.6548895278534 107.242501145109 145.63924734933 65.2807100931803 90.379101096513 114.37712097168 98.3473996162415 87.6702182406471 93.0843537875584 124.734685262044 0 156.697697957357 122.388528645039 157.23649662099 62.4239106575648 146.086217880249 155.289903259277 160.224629720052 144.898659788532 129.743093967438 97.1191711425781 70.1851662324224 133.465454101562 196.341499328613 139.857994966729 136.965910339355 92.9996434425821 17.3024885590157 87.0346868372526 81.204207022726 137.592855754652 128.430864095688 84.3442502586684 86.681151851942 112.189868205302 91.5451390402658 166.555290689274 159.001800537109 87.7286042022705 106.664647345449
82.7264527536488 111.354358128139 30.6064476898245 69.5472225182586 161.619318644206 158.89672088623 127.792888573641 74.2606936105746 105.64220383493 107.299341953162 84.5195320156024 109.027516242785 184.199174194336 189.581616915189 93.1522526211209 151.541862487793 22.4678353424368 47.0290986299257 116.035627851738 92.6074694191537 175.147183418274 27.3777931747617 58.0800748815139 19.0958126405842 33.3009764461033 131.587298075358 71.441065016312 47.0273059274741 45.7064475724229 87.3782432950996 51.4497949007535 136.623364562988 162.803014628092 77.5848418169243 47.2193715291997 156.336336408343 139.680291560658 106.777522235482 148.729266357422 153.667327880859 0 190.687368219549 152.78969692793 174.256296036091 98.2047858902171 170.020807902018 175.524951934814 177.733489990234 185.677509307861 170.911321031286 141.927345275879 107.371477161229 156.338127208891 174.091893735139 164.102040337127 205.92588297526 122.054722386718 88.3722778905636 111.392846815082 124.750365053628 174.754089991252 144.535878377668 112.788498859112 128.287760542373 154.804725646973 126.695351023619 197.038986206055 195.097086588542 127.173408714501 134.976086845398
92.178580556597 72.2996532230587 124.667923564642 43.0457801742554 15.3327973018232 83.2792588776233 93.2435682725243 60.568700574655 102.249533973956 20.4246505108594 86.6654235684142 158.265524622906 32.5543201545154 138.99112416143 116.198725528476 45.0263953762306 19.5990068691652 125.542551095935 173.443795281488 142.899940380152 43.2189731704655 28.1497407476902 32.0290558511007 33.3009764461033 13.3057898328229 109.977438382152 149.18800515142 87.4230006535299 21.1004349796391 81.0764656174883 69.2303127804691 158.511170048868 117.184463450451 68.4339725841706 78.1312490077107 141.195042459588 129.735821042742 143.021184135886 60.0769610286744 118.824984509206 160.460395812988 138.252093384129 119.710973405941 137.463477154167 61.2519465156748 133.691538097503 191.107724806842 132.271424518542 190.896510703891 153.772527643704 113.024363610052 111.924676502266 171.828589750591 207.637180175781 188.532879560422 124.723529414838 122.134323343417 74.5836271951663 129.608654418141 96.2529488787107 150.235838669997 181.264955773411 152.446615765273 110.735886279401 133.102030305781 115.215338619696 214.24840037028 173.878447009671 116.905338823795 126.059356110258
0 21.7482740758327 140.884748458862 46.7510908644969 0 79.4260902404785 135.092222143103 161.164050015536 130.342364384578 96.6417929629485 160.82920143821 53.1313829448975 166.100442068917 30.0281264600407 121.993987560272 152.045403616769 124.474952697754 110.198169708252 62.8844694906835 59.969110605668 173.559076162485 187.247749328613 65.7356154256542 131.587298075358 109.977438382152 11.447365276772 58.0202965558843 34.3601812674556 143.250075396369 102.990333839699 145.866519927979 52.5856361128475 102.11852023476 0 75.619196671706 188.489486694336 108.87270935722 0 13.0632704150698 0 0 199.787531534831 201.24210357666 0 138.393215942383 182.707010904948 94.5501581950065 193.618881225586 81.2917275560648 157.194353739421 0 166.41382598877 178.550021362305 103.881492368637 98.6144508520762 196.515022277832 164.836435953776 155.335545349121 188.473388671875 175.328544921875 33.3023771905062 98.8451027495138 90.0682467089156 189.628775702582 112.111764526367 225.181142171224 106.038685388102 130.352072143555 0 108.676948879076
116.262680096333 64.8325998992251 44.4722101348686 66.0869167318049 172.436292012533 140.515611748946 162.018477254444 148.41135890972 141.321678070766 142.914958385711 155.840954869359 47.3647143903124 164.858996197894 89.0412719807726 138.002796792715 191.824722290039 150.966196060181 38.0727369709832 45.2180252987625 37.5469173307231 166.161515635829 106.015398841463 108.148206826732 71.441065016312 149.18800515142 58.0202965558843 20.9287963048754 45.7983120747777 144.657952893575 112.19686915433 104.519939949729 43.6578042272302 125.237644351259 120.51417055997 73.9074385678432 190.743098332332 123.327261127951 110.916991182076 78.931402744464 214.766036987305 0 204.412454223633 200.365712782916 205.963027803024 171.116432937921 214.52559967041 112.501560476829 244.753883361816 104.955758862289 205.525332841717 240.21174621582 160.146012351626 117.73365644372 120.392896265016 114.195649720172 235.906326293945 183.763410530838 141.562357034256 154.793549010804 188.859433979568 92.2744181120281 106.349121068205 110.973198606898 182.602646955355 204.116899108887 180.361028855847 118.700182566248 189.156914847238 199.091402326311 146.020136894871
130.139109684871 32.3493975404905 26.613973755426 40.2775954575714 174.876991271973 178.661699295044 158.215511496297 111.697628287929 149.168541483854 104.139209665317 143.341788618905 87.6537122079071 173.729921475263 28.0186106037271 142.243614780447 140.254903053751 34.4278039478616 69.4987753314907 81.918918279012 80.8101581545832 171.729196035734 83.865610159139 44.4546795709527 47.0273059274741 87.4230006535299 34.3601812674556 45.7983120747777 19.8386637977753 74.3649302000791 123.548489646541 116.255170419866 47.26413967647 139.627243735574 115.89914313783 73.4025218127219 157.986021941563 104.455461365836 101.295447668419 67.2056233310212 195.00877456665 0 198.27497245692 163.904322620216 183.123452006907 156.720390589097 189.226826916002 119.449135909091 197.278812408447 111.400446334137 175.669107304599 184.814208984375 102.772703985495 123.465459762432 122.33419785915 120.588446397048 195.379472403691 142.79868985461 77.2456063112185 108.096891040516 153.568348576823 86.1803154221915 109.763687147907 106.077334845514 156.215658006006 189.108096450122 158.972627090195 123.439542094294 189.298046112061 168.137743268694 144.74997851185
65.1610259819031 90.4044541023873 88.3357005708673 53.5232344174636 14.9108846323084 122.143622807094 77.9984511452465 36.6927697053643 92.2677206823568 47.2897578489001 38.6241547054272 158.02419724003 73.2205739967407 157.576885223389 100.922427065257 72.3117709071548 35.366910874307 122.139659958586 165.969995162066 138.424723504816 36.6326872443581 25.5647890431372 45.9903762687268 45.7064475724229 21.1004349796391 143.250075396369 144.657952893575 74.3649302000791 15.184180617089 80.8482141624178 35.8550709962782 172.853845384386 133.839162693467 66.8007197453066 66.4710430002965 141.680732395338 146.454985482352 145.83298681278 82.0978378935488 136.079106687006 173.466590881348 153.828230433813 127.578434168498 148.125715479302 75.3251457878423 151.335603565332 205.549927484422 150.052746659333 201.351163864136 157.75512285716 122.246081229968 116.85348643302 167.899280341896 217.672132764544 195.453729391098 143.536978645721 124.662811328946 80.4844762599556 133.729599511244 110.02557662288 168.267422146267 184.268149065825 155.671618671537 119.929748488624 135.688786919437 118.12155196161 224.882544199626 178.265262745045 117.925622671843 136.2313836087
23.6657259588432 126.355999339711 116.577561220508 69.6445797752887 100.841646375969 40.4735054651896 91.8667653273419 72.0110077313413 75.8743565602239 71.529997265216 92.8723852654958 86.5943007109551 93.9736313998699 89.8469541867574 36.6041010543733 90.7211441713221 124.088435173035 90.6969229179317 114.88305924467 109.276372680847 96.6742679833225 56.8467434763095 73.7213897397441 87.3782432950996 81.0764656174883 102.990333839699 112.19686915433 123.548489646541 80.8482141624178 15.4402429964615 33.6555220260648 115.279251547421 13.8142403620682 23.1818336384637 42.252279281008 165.157254536947 161.708061218262 167.818751743862 104.454548382368 179.42578977697 0 183.265658502993 151.641818277764 174.501834281216 88.0891048703875 179.101104345077 218.517110188802 181.274673959483 204.774053955078 176.837350364623 175.208892822266 141.964625128384 185.330592019217 0 190.724596150716 171.77501943837 143.469620937771 92.6179041698061 157.730543884277 132.732568116064 174.235052490234 196.877307011531 171.760731603369 137.889374988835 162.773205072107 133.137036043055 210.962585449219 204.490734524197 133.66989577444 156.927417788885
29.5212116195473 111.482526925894 80.8240812729377 59.6431787109375 147.369963509696 111.323432922363 124.176749577125 22.9577587972985 86.7213543323131 59.0971721165116 107.814936708897 138.864914213885 158.169333457947 160.369105021159 65.30125150049 103.723722185407 95.8178745221488 73.2394618855398 119.691985473633 94.7964499143722 166.458040481959 27.5607257801617 62.6548895278534 51.4497949007535 69.2303127804691 145.866519927979 104.519939949729 116.255170419866 35.8550709962782 33.6555220260648 16.4675641742963 173.444225311279 127.072793610242 43.9969738682486 32.8260158184236 153.916772460937 172.008186340332 147.434257900592 95.1859400822566 135.938457489014 0 165.019741603306 134.221890791407 161.328568862656 83.5390328147195 163.302780151367 199.418752034505 196.503833770752 222.540323893229 156.611118748503 133.187287648519 121.32294933125 168.468897669769 221.743499755859 193.843589782715 158.139427771935 129.244282250954 84.5725926095313 132.084858323464 113.566367775035 197.393966674805 184.577706435631 160.040389914918 120.56734495513 140.778586451213 124.488117571539 232.363815307617 178.287124633789 123.326376080513 127.234211272477
123.319297790527 74.2480748974302 112.072466373444 65.7101947748773 188.77033996582 114.140983581543 165.022299429087 180.419155883789 143.513383483887 134.481054740117 178.992081513276 47.3191718875942 172.103176574707 32.9805988122992 125.968674214681 174.506950378418 126.338104248047 112.164752197266 65.9761111865592 97.1860094292219 166.65070438385 159.072751726423 107.242501145109 136.623364562988 158.511170048868 52.5856361128475 43.6578042272302 47.26413967647 172.853845384386 115.279251547421 173.444225311279 18.6113275422715 112.890407409668 0 84.6201379987929 0 145.201633106578 134.951599121094 89.2130241394043 0 0 221.487838745117 239.570523071289 168.806294759115 198.577112197876 226.813804626465 110.806859625594 0 104.972845084605 193.863327026367 0 195.346405029297 175.438884311252 124.069510976473 130.696433308919 222.234588623047 238.573623657227 173.362344180836 191.627616882324 217.554593703326 94.2122452639969 121.975952303612 121.457540024521 226.267861938477 201.5998878479 230.552169799805 119.339442973868 179.936630249023 0 162.339243108576
101.190738677979 110.505744934082 174.622570169383 117.340425014496 118.663875579834 15.4030020957494 38.4258991938292 125.478769603528 26.5346512917536 109.143318475461 122.776816766912 77.1535303085205 110.720582929708 83.6186200085808 31.4443716679433 39.5346084711154 0 176.664805094401 108.312174829943 174.238280556419 118.407357612023 147.771189371745 145.63924734933 162.803014628092 117.184463450451 102.11852023476 125.237644351259 139.627243735574 133.839162693467 13.8142403620682 127.072793610242 112.890407409668 7.27542610277939 149.373840332031 35.7676840426107 195.085235595703 238.662857055664 224.159439086914 128.249280293783 185.406426565988 0 217.31029510498 197.529088338216 205.314246041434 135.377719334194 203.93147277832 0 197.837692260742 212.144409179688 220.85859375 0 0 0 200.346282958984 183.896926879883 189.612098693848 0 140.744049072266 228.969543457031 174.303086417062 186.896896362305 208.257225036621 183.959869384766 186.925029639042 204.745643615723 192.341303507487 231.550682067871 0 190.08479309082 193.983210245768
55.2805906931559 96.4202041625977 118.72983278547 59.5223701823841 79.6491740998768 122.298431396484 104.171176461612 69.5671897544807 116.830340985899 58.7901951731468 82.7297198841873 120.789542061942 128.126308441162 182.9326171875 61.8679736432412 93.9222687941331 114.678148542132 80.0180135043162 115.069604237874 96.0729153752327 101.99196794298 50.5518490711105 65.2807100931803 77.5848418169243 68.4339725841706 0 120.51417055997 115.89914313783 66.8007197453066 23.1818336384637 43.9969738682486 0 149.373840332031 8.90047581855144 38.0701427618663 128.399876912435 166.412475585938 155.426610310872 79.012399336871 150.886339823405 0 169.87596482497 139.419395446777 152.4265967149 79.9125070571899 162.063163757324 202.247650146484 169.724465370178 0 152.540364583333 158.968475341797 116.172366672092 170.874935150146 238.742553710938 201.834228515625 140.156460571289 123.202566782633 86.4373016357422 144.674241286058 115.247048149544 0 208.197209676107 167.051531339947 125.066325517662 142.991478629734 121.945484236175 0 0 122.737113952637 135.391086578369
84.2139896686261 78.0649567672184 67.6820112889165 71.1608610101085 82.3437264413545 39.5098421948015 75.7230443011852 81.5197736252306 111.937008609114 79.451559196819 79.5279542718788 33.672444890708 87.9409386000708 57.1298274993896 80.3631403434336 72.8935897224828 89.934107552112 29.2380873601929 69.8182866505436 47.8316339376351 85.5542155852061 38.2318510734605 90.379101096513 47.2193715291997 78.1312490077107 75.619196671706 73.9074385678432 73.4025218127219 66.4710430002965 42.252279281008 32.8260158184236 84.6201379987929 35.7676840426107 38.0701427618663 14.7126700072892 221.319727579753 141.6356493632 126.139327096467 93.9802486673991 174.154921722412 198.594970703125 172.586433638388 149.39924621582 173.457248276086 97.0636815157804 173.209426043785 186.803744612069 192.059505038791 159.267946997354 183.287666445873 0 132.417208368638 158.452830100546 146.415965687145 156.330929909983 160.140314374651 139.644795777368 97.3251413817799 137.90978710468 130.99656340761 124.55960150326 135.180879347395 133.972179371743 138.367708563309 158.473956395709 133.4194012424 164.936314544678 198.905069986979 140.490755254572 153.170809120967
